
     Program PWSCF v.6.4.1 starts on  3Sep2019 at 16:17:28 

     This program is part of the open-source Quantum ESPRESSO suite
     for quantum simulation of materials; please cite
         "P. Giannozzi et al., J. Phys.:Condens. Matter 21 395502 (2009);
         "P. Giannozzi et al., J. Phys.:Condens. Matter 29 465901 (2017);
          URL http://www.quantum-espresso.org", 
     in publications or presentations arising from this work. More details at
     http://www.quantum-espresso.org/quote

     Parallel version (MPI), running on     2 processors

     MPI processes distributed on     1 nodes
     R & G space division:  proc/nbgrp/npool/nimage =       2
     Waiting for input...
     Reading input from standard input

     Current dimensions of program PWSCF are:
     Max number of different atomic species (ntypx) = 10
     Max number of k-points (npk) =  40000
     Max angular momentum in pseudopotentials (lmaxx) =  3
     Message from routine volume:
     axis vectors are left-handed
     Message from routine read_upf::
     Pseudo file Fe.pbesol-spn-kjpaw_psl.0.2.1.UPF has been fixed on the fly.
To avoid this message in the future, permanently fix 
 your pseudo files following these instructions: 
https://gitlab.com/QEF/q-e/blob/master/upftools/how_to_fix_upf.md
     Message from routine read_upf::
     Pseudo file Fe.pbesol-spn-kjpaw_psl.0.2.1.UPF has been fixed on the fly.
To avoid this message in the future, permanently fix 
 your pseudo files following these instructions: 
https://gitlab.com/QEF/q-e/blob/master/upftools/how_to_fix_upf.md
     Message from routine read_upf::
     Pseudo file O.pbesol-n-kjpaw_psl.0.1.UPF has been fixed on the fly.
To avoid this message in the future, permanently fix 
 your pseudo files following these instructions: 
https://gitlab.com/QEF/q-e/blob/master/upftools/how_to_fix_upf.md
               file Fe.pbesol-spn-kjpaw_psl.0.2.1.UPF: wavefunction(s)  3D renormalized
               file Fe.pbesol-spn-kjpaw_psl.0.2.1.UPF: wavefunction(s)  3D renormalized
               file O.pbesol-n-kjpaw_psl.0.1.UPF: wavefunction(s)  2P renormalized

     Subspace diagonalization in iterative solution of the eigenvalue problem:
     a serial algorithm will be used

     Message from routine setup:
     DEPRECATED: symmetry with ibrav=0, use correct ibrav instead
 
     Parallelization info
     --------------------
     sticks:   dense  smooth     PW     G-vecs:    dense   smooth      PW
     Min         530     269     85                 8627     3055     570
     Max         531     270     86                 8628     3056     571
     Sum        1061     539    171                17255     6111    1141
 


     bravais-lattice index     =            0
     lattice parameter (alat)  =       8.1900  a.u.
     unit-cell volume          =     274.6766 (a.u.)^3
     number of atoms/cell      =            4
     number of atomic types    =            3
     number of electrons       =        44.00
     number of Kohn-Sham states=           26
     kinetic-energy cutoff     =      30.0000  Ry
     charge density cutoff     =     240.0000  Ry
     convergence threshold     =      1.0E-09
     mixing beta               =       0.3000
     number of iterations used =            8  plain     mixing
     Exchange-correlation      = SLA PW PSX PSC ( 1  4 10  8 0 0)

     celldm(1)=   8.190000  celldm(2)=   0.000000  celldm(3)=   0.000000
     celldm(4)=   0.000000  celldm(5)=   0.000000  celldm(6)=   0.000000

     crystal axes: (cart. coord. in units of alat)
               a(1) = (   0.500000   0.500000   1.000000 )  
               a(2) = (   0.500000   1.000000   0.500000 )  
               a(3) = (   1.000000   0.500000   0.500000 )  

     reciprocal axes: (cart. coord. in units 2 pi/alat)
               b(1) = ( -0.500000 -0.500000  1.500000 )  
               b(2) = ( -0.500000  1.500000 -0.500000 )  
               b(3) = (  1.500000 -0.500000 -0.500000 )  


     PseudoPot. # 1 for Fe read from file:
     ../../../pseudo/Fe.pbesol-spn-kjpaw_psl.0.2.1.UPF
     MD5 check sum: 7febcda02fc281f884e3aa15a414695d
     Pseudo is Projector augmented-wave + core cor, Zval = 16.0
     Generated using "atomic" code by A. Dal Corso v.6.0 svn rev. 13079
     Shape of augmentation charge: PSQ
     Using radial grid of 1191 points,  6 beta functions with: 
                l(1) =   0
                l(2) =   0
                l(3) =   1
                l(4) =   1
                l(5) =   2
                l(6) =   2
     Q(r) pseudized with 0 coefficients 


     PseudoPot. # 2 for Fe read from file:
     ../../../pseudo/Fe.pbesol-spn-kjpaw_psl.0.2.1.UPF
     MD5 check sum: 7febcda02fc281f884e3aa15a414695d
     Pseudo is Projector augmented-wave + core cor, Zval = 16.0
     Generated using "atomic" code by A. Dal Corso v.6.0 svn rev. 13079
     Shape of augmentation charge: PSQ
     Using radial grid of 1191 points,  6 beta functions with: 
                l(1) =   0
                l(2) =   0
                l(3) =   1
                l(4) =   1
                l(5) =   2
                l(6) =   2
     Q(r) pseudized with 0 coefficients 


     PseudoPot. # 3 for O  read from file:
     ../../../pseudo/O.pbesol-n-kjpaw_psl.0.1.UPF
     MD5 check sum: 126339daddaa87477ab44acfa0b5aa00
     Pseudo is Projector augmented-wave + core cor, Zval =  6.0
     Generated using "atomic" code by A. Dal Corso v.6.0 svn rev. 13079
     Shape of augmentation charge: BESSEL
     Using radial grid of 1095 points,  4 beta functions with: 
                l(1) =   0
                l(2) =   0
                l(3) =   1
                l(4) =   1
     Q(r) pseudized with 0 coefficients 


     atomic species   valence    mass     pseudopotential
        Fe1           16.00    55.84500     Fe( 1.00)
        Fe2           16.00    55.84500     Fe( 1.00)
        O              6.00    16.00000     O ( 1.00)

     Starting magnetic structure 
     atomic species   magnetization
        Fe1          0.500
        Fe2         -0.500
        O            0.000


     Simplified LDA+U calculation (l_max = 2) with parameters (eV):
     atomic species    L          U    alpha       J0     beta
        Fe1            2     5.2000   0.0000   0.0000   0.0000
        Fe2            2     5.2000   0.0000   0.0000   0.0000



     12 Sym. Ops., with inversion, found


                                    s                        frac. trans.

      isym =  1     identity                                     

 cryst.   s( 1) = (     1          0          0      )
                  (     0          1          0      )
                  (     0          0          1      )

 cart.    s( 1) = (  1.0000000  0.0000000  0.0000000 )
                  (  0.0000000  1.0000000  0.0000000 )
                  (  0.0000000  0.0000000  1.0000000 )


      isym =  2     180 deg rotation - cart. axis [1,-1,0]       

 cryst.   s( 2) = (    -1          0          0      )
                  (     0          0         -1      )
                  (     0         -1          0      )

 cart.    s( 2) = (  0.0000000 -1.0000000  0.0000000 )
                  ( -1.0000000  0.0000000  0.0000000 )
                  (  0.0000000  0.0000000 -1.0000000 )


      isym =  3     180 deg rotation - cart. axis [-1,0,1]       

 cryst.   s( 3) = (     0          0         -1      )
                  (     0         -1          0      )
                  (    -1          0          0      )

 cart.    s( 3) = (  0.0000000  0.0000000 -1.0000000 )
                  (  0.0000000 -1.0000000  0.0000000 )
                  ( -1.0000000  0.0000000  0.0000000 )


      isym =  4     180 deg rotation - cart. axis [0,1,-1]       

 cryst.   s( 4) = (     0         -1          0      )
                  (    -1          0          0      )
                  (     0          0         -1      )

 cart.    s( 4) = ( -1.0000000  0.0000000  0.0000000 )
                  (  0.0000000  0.0000000 -1.0000000 )
                  (  0.0000000 -1.0000000  0.0000000 )


      isym =  5     120 deg rotation - cart. axis [-1,-1,-1]     

 cryst.   s( 5) = (     0          1          0      )
                  (     0          0          1      )
                  (     1          0          0      )

 cart.    s( 5) = (  0.0000000  1.0000000  0.0000000 )
                  (  0.0000000  0.0000000  1.0000000 )
                  (  1.0000000  0.0000000  0.0000000 )


      isym =  6     120 deg rotation - cart. axis [1,1,1]        

 cryst.   s( 6) = (     0          0          1      )
                  (     1          0          0      )
                  (     0          1          0      )

 cart.    s( 6) = (  0.0000000  0.0000000  1.0000000 )
                  (  1.0000000  0.0000000  0.0000000 )
                  (  0.0000000  1.0000000  0.0000000 )


      isym =  7     inversion                                    

 cryst.   s( 7) = (    -1          0          0      )
                  (     0         -1          0      )
                  (     0          0         -1      )

 cart.    s( 7) = ( -1.0000000  0.0000000  0.0000000 )
                  (  0.0000000 -1.0000000  0.0000000 )
                  (  0.0000000  0.0000000 -1.0000000 )


      isym =  8     inv. 180 deg rotation - cart. axis [1,-1,0]  

 cryst.   s( 8) = (     1          0          0      )
                  (     0          0          1      )
                  (     0          1          0      )

 cart.    s( 8) = (  0.0000000  1.0000000  0.0000000 )
                  (  1.0000000  0.0000000  0.0000000 )
                  (  0.0000000  0.0000000  1.0000000 )


      isym =  9     inv. 180 deg rotation - cart. axis [-1,0,1]  

 cryst.   s( 9) = (     0          0          1      )
                  (     0          1          0      )
                  (     1          0          0      )

 cart.    s( 9) = (  0.0000000  0.0000000  1.0000000 )
                  (  0.0000000  1.0000000  0.0000000 )
                  (  1.0000000  0.0000000  0.0000000 )


      isym = 10     inv. 180 deg rotation - cart. axis [0,1,-1]  

 cryst.   s(10) = (     0          1          0      )
                  (     1          0          0      )
                  (     0          0          1      )

 cart.    s(10) = (  1.0000000  0.0000000  0.0000000 )
                  (  0.0000000  0.0000000  1.0000000 )
                  (  0.0000000  1.0000000  0.0000000 )


      isym = 11     inv. 120 deg rotation - cart. axis [-1,-1,-1]

 cryst.   s(11) = (     0         -1          0      )
                  (     0          0         -1      )
                  (    -1          0          0      )

 cart.    s(11) = (  0.0000000 -1.0000000  0.0000000 )
                  (  0.0000000  0.0000000 -1.0000000 )
                  ( -1.0000000  0.0000000  0.0000000 )


      isym = 12     inv. 120 deg rotation - cart. axis [1,1,1]   

 cryst.   s(12) = (     0          0         -1      )
                  (    -1          0          0      )
                  (     0         -1          0      )

 cart.    s(12) = (  0.0000000  0.0000000 -1.0000000 )
                  ( -1.0000000  0.0000000  0.0000000 )
                  (  0.0000000 -1.0000000  0.0000000 )


   Cartesian axes

     site n.     atom                  positions (alat units)
         1           Fe1 tau(   1) = (   0.0000000   0.0000000   0.0000000  )
         2           Fe2 tau(   2) = (   1.0000000   1.0000000   1.0000000  )
         3           O   tau(   3) = (   0.5000000   0.5000000   0.5000000  )
         4           O   tau(   4) = (   1.5000000   1.5000000   1.5000000  )

   Crystallographic axes

     site n.     atom                  positions (cryst. coord.)
         1           Fe1 tau(   1) = (  0.0000000  0.0000000  0.0000000  )
         2           Fe2 tau(   2) = (  0.5000000  0.5000000  0.5000000  )
         3           O   tau(   3) = (  0.2500000  0.2500000  0.2500000  )
         4           O   tau(   4) = (  0.7500000  0.7500000  0.7500000  )

     number of k points=     6  Marzari-Vanderbilt smearing, width (Ry)=  0.0200
                       cart. coord. in units 2pi/alat
        k(    1) = (   0.0000000   0.0000000   0.0000000), wk =   0.0370370
        k(    2) = (   0.5000000  -0.1666667  -0.1666667), wk =   0.2222222
        k(    3) = (   0.3333333   0.3333333  -0.3333333), wk =   0.2222222
        k(    4) = (  -0.6666667   0.6666667   0.0000000), wk =   0.2222222
        k(    5) = (   0.1666667   0.1666667   0.1666667), wk =   0.0740741
        k(    6) = (  -0.8333333   0.5000000   0.5000000), wk =   0.2222222

                       cryst. coord.
        k(    1) = (   0.0000000   0.0000000   0.0000000), wk =   0.0370370
        k(    2) = (   0.0000000   0.0000000   0.3333333), wk =   0.2222222
        k(    3) = (   0.0000000   0.3333333   0.3333333), wk =   0.2222222
        k(    4) = (   0.0000000   0.3333333  -0.3333333), wk =   0.2222222
        k(    5) = (   0.3333333   0.3333333   0.3333333), wk =   0.0740741
        k(    6) = (   0.3333333   0.3333333  -0.3333333), wk =   0.2222222

     Dense  grid:    17255 G-vectors     FFT dimensions: (  50,  50,  50)

     Smooth grid:     6111 G-vectors     FFT dimensions: (  36,  36,  36)

     Dynamical RAM for                 wfc:       0.15 MB

     Dynamical RAM for     wfc (w. buffer):       1.96 MB

     Dynamical RAM for             U proj.:       0.06 MB

     Dynamical RAM for  U proj. (w. buff.):       0.76 MB

     Dynamical RAM for           str. fact:       0.39 MB

     Dynamical RAM for           local pot:       0.00 MB

     Dynamical RAM for          nlocal pot:       0.30 MB

     Dynamical RAM for                qrad:       4.86 MB

     Dynamical RAM for          rho,v,vnew:       3.65 MB

     Dynamical RAM for               rhoin:       1.22 MB

     Dynamical RAM for            rho*nmix:       4.21 MB

     Dynamical RAM for           G-vectors:       0.52 MB

     Dynamical RAM for          h,s,v(r/c):       0.50 MB

     Dynamical RAM for          <psi|beta>:       0.02 MB

     Dynamical RAM for                 psi:       0.60 MB

     Dynamical RAM for                hpsi:       0.60 MB

     Dynamical RAM for                spsi:       0.60 MB

     Dynamical RAM for      wfcinit/wfcrot:       0.42 MB

     Dynamical RAM for           addusdens:      24.88 MB

     Estimated static dynamical RAM per process >      21.27 MB

     Estimated max dynamical RAM per process >      46.15 MB

     Estimated total dynamical RAM >      92.30 MB
     Generating pointlists ...
     new r_m :   0.2063 (alat units)  1.6892 (a.u.) for type    1
     new r_m :   0.2063 (alat units)  1.6892 (a.u.) for type    2
     new r_m :   0.2063 (alat units)  1.6892 (a.u.) for type    3

     Check: negative core charge=   -0.000246

     Initial potential from superposition of free atoms

     starting charge   43.99919, renormalised to   44.00000
 --- in v_hubbard ---
Hubbard energy    0.3058
 -------
     Number of +U iterations with fixed ns =  0
     Starting occupations:
 --- enter write_ns ---
 LDA+U parameters:
U( 1)     =  5.20000000
alpha( 1) =  0.00000000
U( 2)     =  5.20000000
alpha( 2) =  0.00000000
atom    1   Tr[ns(na)] (up, down, total) =   5.00000  1.00000  6.00000
   spin  1
    eigenvalues: 
  1.000  1.000  1.000  1.000  1.000
    eigenvectors:
  1.000  0.000  0.000  0.000  0.000
  0.000  1.000  0.000  0.000  0.000
  0.000  0.000  1.000  0.000  0.000
  0.000  0.000  0.000  1.000  0.000
  0.000  0.000  0.000  0.000  1.000
    occupations:
  1.000  0.000  0.000  0.000  0.000
  0.000  1.000  0.000  0.000  0.000
  0.000  0.000  1.000  0.000  0.000
  0.000  0.000  0.000  1.000  0.000
  0.000  0.000  0.000  0.000  1.000
   spin  2
    eigenvalues: 
  0.200  0.200  0.200  0.200  0.200
    eigenvectors:
  1.000  0.000  0.000  0.000  0.000
  0.000  1.000  0.000  0.000  0.000
  0.000  0.000  1.000  0.000  0.000
  0.000  0.000  0.000  1.000  0.000
  0.000  0.000  0.000  0.000  1.000
    occupations:
  0.200  0.000  0.000  0.000  0.000
  0.000  0.200  0.000  0.000  0.000
  0.000  0.000  0.200  0.000  0.000
  0.000  0.000  0.000  0.200  0.000
  0.000  0.000  0.000  0.000  0.200
atomic mag. moment =     4.000000
atom    2   Tr[ns(na)] (up, down, total) =   1.00000  5.00000  6.00000
   spin  1
    eigenvalues: 
  0.200  0.200  0.200  0.200  0.200
    eigenvectors:
  1.000  0.000  0.000  0.000  0.000
  0.000  1.000  0.000  0.000  0.000
  0.000  0.000  1.000  0.000  0.000
  0.000  0.000  0.000  1.000  0.000
  0.000  0.000  0.000  0.000  1.000
    occupations:
  0.200  0.000  0.000  0.000  0.000
  0.000  0.200  0.000  0.000  0.000
  0.000  0.000  0.200  0.000  0.000
  0.000  0.000  0.000  0.200  0.000
  0.000  0.000  0.000  0.000  0.200
   spin  2
    eigenvalues: 
  1.000  1.000  1.000  1.000  1.000
    eigenvectors:
  1.000  0.000  0.000  0.000  0.000
  0.000  1.000  0.000  0.000  0.000
  0.000  0.000  1.000  0.000  0.000
  0.000  0.000  0.000  1.000  0.000
  0.000  0.000  0.000  0.000  1.000
    occupations:
  1.000  0.000  0.000  0.000  0.000
  0.000  1.000  0.000  0.000  0.000
  0.000  0.000  1.000  0.000  0.000
  0.000  0.000  0.000  1.000  0.000
  0.000  0.000  0.000  0.000  1.000
atomic mag. moment =    -4.000000
N of occupied +U levels =   12.000000
 --- exit write_ns ---
 Atomic wfc used for LDA+U Projector are NOT orthogonalized
     Starting wfcs are   34 randomized atomic wfcs
     Checking if some PAW data can be deallocated... 
       PAW data deallocated on    1 nodes for type:  1
       PAW data deallocated on    1 nodes for type:  2
       PAW data deallocated on    1 nodes for type:  3

     total cpu time spent up to now is        2.9 secs

     Self-consistent Calculation

     iteration #  1     ecut=    30.00 Ry     beta= 0.30
     Davidson diagonalization with overlap
     ethr =  1.00E-02,  avg # of iterations =  2.0
 --- enter write_ns ---
 LDA+U parameters:
U( 1)     =  5.20000000
alpha( 1) =  0.00000000
U( 2)     =  5.20000000
alpha( 2) =  0.00000000
atom    1   Tr[ns(na)] (up, down, total) =   5.00634  1.09448  6.10082
   spin  1
    eigenvalues: 
  1.000  1.000  1.002  1.002  1.002
    eigenvectors:
  0.099  0.901  0.000  0.000  0.000
  0.000  0.000  0.183  0.483  0.333
  0.000  0.000  0.150  0.516  0.333
  0.901  0.099  0.000  0.000  0.000
  0.000  0.000  0.666  0.001  0.333
    occupations:
  1.000  0.000  0.000  0.000  0.000
  0.000  1.002  0.000  0.000 -0.000
  0.000  0.000  1.002 -0.000 -0.000
  0.000  0.000 -0.000  1.000 -0.000
  0.000 -0.000 -0.000 -0.000  1.002
   spin  2
    eigenvalues: 
  0.129  0.129  0.270  0.270  0.296
    eigenvectors:
  0.000  0.982  0.017  0.001  0.000
  0.009  0.003  0.044  0.611  0.333
  0.009  0.003  0.328  0.327  0.333
  0.982  0.000  0.001  0.017  0.000
  0.000  0.012  0.611  0.044  0.333
    occupations:
  0.132 -0.008 -0.008  0.000 -0.015
 -0.008  0.277  0.009 -0.013 -0.009
 -0.008  0.009  0.277  0.013 -0.009
  0.000 -0.013  0.013  0.132 -0.000
 -0.015 -0.009 -0.009 -0.000  0.277
atomic mag. moment =     3.911863
atom    2   Tr[ns(na)] (up, down, total) =   1.09429  5.00635  6.10063
   spin  1
    eigenvalues: 
  0.129  0.129  0.270  0.270  0.296
    eigenvectors:
  0.036  0.947  0.013  0.004  0.000
  0.007  0.005  0.000  0.655  0.333
  0.010  0.001  0.489  0.166  0.333
  0.947  0.036  0.004  0.013  0.000
  0.000  0.011  0.494  0.161  0.333
    occupations:
  0.131 -0.008 -0.008  0.000 -0.015
 -0.008  0.277  0.009 -0.013 -0.009
 -0.008  0.009  0.277  0.013 -0.009
  0.000 -0.013  0.013  0.131 -0.000
 -0.015 -0.009 -0.009 -0.000  0.277
   spin  2
    eigenvalues: 
  1.000  1.000  1.002  1.002  1.002
    eigenvectors:
  0.114  0.886  0.000  0.000  0.000
  0.000  0.000  0.155  0.512  0.333
  0.000  0.000  0.179  0.488  0.333
  0.886  0.114  0.000  0.000  0.000
  0.000  0.000  0.666  0.000  0.333
    occupations:
  1.000  0.000  0.000  0.000  0.000
  0.000  1.002  0.000  0.000 -0.000
  0.000  0.000  1.002 -0.000 -0.000
  0.000  0.000 -0.000  1.000 -0.000
  0.000 -0.000 -0.000 -0.000  1.002
atomic mag. moment =    -3.912061
N of occupied +U levels =   12.201454
 --- exit write_ns ---
 --- in v_hubbard ---
Hubbard energy    0.3138
 -------

     total cpu time spent up to now is        4.2 secs

     total energy              =    -734.42336709 Ry
     Harris-Foulkes estimate   =    -734.61658421 Ry
     estimated scf accuracy    <       1.72849072 Ry

     total magnetization       =    -0.00 Bohr mag/cell
     absolute magnetization    =     8.50 Bohr mag/cell

     iteration #  2     ecut=    30.00 Ry     beta= 0.30
     Davidson diagonalization with overlap
     ethr =  3.93E-03,  avg # of iterations =  3.0
 --- enter write_ns ---
 LDA+U parameters:
U( 1)     =  5.20000000
alpha( 1) =  0.00000000
U( 2)     =  5.20000000
alpha( 2) =  0.00000000
atom    1   Tr[ns(na)] (up, down, total) =   5.00101  1.52061  6.52162
   spin  1
    eigenvalues: 
  0.999  0.999  1.001  1.001  1.001
    eigenvectors:
  0.047  0.953  0.000  0.000  0.000
  0.000  0.000  0.333  0.143  0.524
  0.000  0.000  0.333  0.191  0.475
  0.953  0.047  0.000  0.000  0.000
  0.000  0.000  0.333  0.665  0.001
    occupations:
  0.999 -0.000 -0.000  0.000 -0.000
 -0.000  1.001 -0.000 -0.000  0.000
 -0.000 -0.000  1.001  0.000  0.000
  0.000 -0.000  0.000  0.999 -0.000
 -0.000  0.000  0.000 -0.000  1.001
   spin  2
    eigenvalues: 
  0.187  0.187  0.350  0.350  0.448
    eigenvectors:
  0.043  0.893  0.027  0.037  0.000
  0.039  0.004  0.072  0.552  0.333
  0.023  0.019  0.605  0.019  0.333
  0.893  0.043  0.037  0.027  0.000
  0.002  0.041  0.260  0.364  0.333
    occupations:
  0.197 -0.016 -0.016  0.000 -0.033
 -0.016  0.376  0.036 -0.028 -0.036
 -0.016  0.036  0.376  0.028 -0.036
  0.000 -0.028  0.028  0.197 -0.000
 -0.033 -0.036 -0.036 -0.000  0.376
atomic mag. moment =     3.480393
atom    2   Tr[ns(na)] (up, down, total) =   1.51928  5.00100  6.52027
   spin  1
    eigenvalues: 
  0.186  0.186  0.350  0.350  0.447
    eigenvectors:
  0.371  0.567  0.038  0.024  0.000
  0.005  0.036  0.012  0.613  0.333
  0.040  0.001  0.538  0.087  0.333
  0.567  0.371  0.024  0.038  0.000
  0.016  0.025  0.387  0.238  0.333
    occupations:
  0.197 -0.016 -0.016  0.000 -0.032
 -0.016  0.375  0.036 -0.028 -0.036
 -0.016  0.036  0.375  0.028 -0.036
  0.000 -0.028  0.028  0.197 -0.000
 -0.032 -0.036 -0.036 -0.000  0.375
   spin  2
    eigenvalues: 
  0.999  0.999  1.001  1.001  1.001
    eigenvectors:
  0.114  0.886  0.000  0.000  0.000
  0.000  0.000  0.333  0.155  0.512
  0.000  0.000  0.333  0.179  0.488
  0.886  0.114  0.000  0.000  0.000
  0.000  0.000  0.333  0.666  0.000
    occupations:
  0.999 -0.000 -0.000  0.000 -0.000
 -0.000  1.001 -0.000 -0.000  0.000
 -0.000 -0.000  1.001  0.000  0.000
  0.000 -0.000  0.000  0.999 -0.000
 -0.000  0.000  0.000 -0.000  1.001
atomic mag. moment =    -3.481723
N of occupied +U levels =   13.041894
 --- exit write_ns ---
 --- in v_hubbard ---
Hubbard energy    0.3374
 -------

     total cpu time spent up to now is        5.8 secs

     total energy              =    -734.81288461 Ry
     Harris-Foulkes estimate   =    -734.67477892 Ry
     estimated scf accuracy    <       0.52981914 Ry

     total magnetization       =    -0.00 Bohr mag/cell
     absolute magnetization    =     7.75 Bohr mag/cell

     iteration #  3     ecut=    30.00 Ry     beta= 0.30
     Davidson diagonalization with overlap
     ethr =  1.20E-03,  avg # of iterations =  1.0
 --- enter write_ns ---
 LDA+U parameters:
U( 1)     =  5.20000000
alpha( 1) =  0.00000000
U( 2)     =  5.20000000
alpha( 2) =  0.00000000
atom    1   Tr[ns(na)] (up, down, total) =   5.00297  1.51069  6.51366
   spin  1
    eigenvalues: 
  0.999  0.999  1.002  1.002  1.002
    eigenvectors:
  0.051  0.948  0.000  0.000  0.000
  0.000  0.000  0.333  0.142  0.525
  0.000  0.000  0.333  0.193  0.474
  0.948  0.051  0.000  0.000  0.000
  0.000  0.000  0.333  0.665  0.001
    occupations:
  0.999 -0.000 -0.000  0.000 -0.000
 -0.000  1.002 -0.000 -0.000  0.000
 -0.000 -0.000  1.002  0.000  0.000
  0.000 -0.000  0.000  0.999 -0.000
 -0.000  0.000  0.000 -0.000  1.002
   spin  2
    eigenvalues: 
  0.181  0.181  0.320  0.320  0.509
    eigenvectors:
  0.324  0.604  0.045  0.028  0.000
  0.048  0.001  0.013  0.606  0.333
  0.008  0.040  0.533  0.085  0.333
  0.604  0.324  0.028  0.045  0.000
  0.017  0.031  0.381  0.237  0.333
    occupations:
  0.191 -0.015 -0.015  0.000 -0.030
 -0.015  0.376  0.066 -0.026 -0.066
 -0.015  0.066  0.376  0.026 -0.066
  0.000 -0.026  0.026  0.191 -0.000
 -0.030 -0.066 -0.066 -0.000  0.376
atomic mag. moment =     3.492278
atom    2   Tr[ns(na)] (up, down, total) =   1.51557  5.00296  6.51853
   spin  1
    eigenvalues: 
  0.181  0.181  0.322  0.322  0.511
    eigenvectors:
  0.000  0.930  0.043  0.027  0.000
  0.035  0.012  0.013  0.607  0.333
  0.035  0.012  0.535  0.085  0.333
  0.930  0.000  0.027  0.043  0.000
  0.000  0.047  0.383  0.237  0.333
    occupations:
  0.191 -0.015 -0.015  0.000 -0.029
 -0.015  0.378  0.066 -0.025 -0.066
 -0.015  0.066  0.378  0.025 -0.066
  0.000 -0.025  0.025  0.191 -0.000
 -0.029 -0.066 -0.066 -0.000  0.378
   spin  2
    eigenvalues: 
  0.999  0.999  1.002  1.002  1.002
    eigenvectors:
  0.171  0.829  0.000  0.000  0.000
  0.000  0.000  0.333  0.162  0.504
  0.000  0.000  0.333  0.171  0.495
  0.829  0.171  0.000  0.000  0.000
  0.000  0.000  0.333  0.666  0.000
    occupations:
  0.999 -0.000 -0.000  0.000 -0.000
 -0.000  1.002 -0.000 -0.000  0.000
 -0.000 -0.000  1.002  0.000  0.000
  0.000 -0.000  0.000  0.999 -0.000
 -0.000  0.000  0.000 -0.000  1.002
atomic mag. moment =    -3.487389
N of occupied +U levels =   13.032187
 --- exit write_ns ---
 --- in v_hubbard ---
Hubbard energy    0.3756
 -------

     total cpu time spent up to now is        7.0 secs

     total energy              =    -734.97422610 Ry
     Harris-Foulkes estimate   =    -734.81989918 Ry
     estimated scf accuracy    <       0.27919127 Ry

     total magnetization       =     0.01 Bohr mag/cell
     absolute magnetization    =     7.70 Bohr mag/cell

     iteration #  4     ecut=    30.00 Ry     beta= 0.30
     Davidson diagonalization with overlap
     ethr =  6.35E-04,  avg # of iterations =  2.0
 --- enter write_ns ---
 LDA+U parameters:
U( 1)     =  5.20000000
alpha( 1) =  0.00000000
U( 2)     =  5.20000000
alpha( 2) =  0.00000000
atom    1   Tr[ns(na)] (up, down, total) =   5.00227  1.62585  6.62812
   spin  1
    eigenvalues: 
  0.999  0.999  1.001  1.002  1.002
    eigenvectors:
  0.041  0.959  0.000  0.000  0.000
  0.000  0.000  0.333  0.125  0.542
  0.000  0.000  0.333  0.213  0.454
  0.959  0.041  0.000  0.000  0.000
  0.000  0.000  0.333  0.663  0.004
    occupations:
  0.999 -0.000 -0.000  0.000 -0.000
 -0.000  1.002 -0.000 -0.000  0.000
 -0.000 -0.000  1.002  0.000  0.000
  0.000 -0.000  0.000  0.999 -0.000
 -0.000  0.000  0.000 -0.000  1.002
   spin  2
    eigenvalues: 
  0.161  0.161  0.215  0.215  0.873
    eigenvectors:
  0.109  0.008  0.246  0.637  0.000
  0.292  0.297  0.017  0.060  0.333
  0.041  0.548  0.078  0.000  0.333
  0.008  0.109  0.637  0.246  0.000
  0.551  0.038  0.022  0.056  0.333
    occupations:
  0.209 -0.007 -0.007  0.000 -0.014
 -0.007  0.403  0.235 -0.012 -0.235
 -0.007  0.235  0.403  0.012 -0.235
  0.000 -0.012  0.012  0.209 -0.000
 -0.014 -0.235 -0.235 -0.000  0.403
atomic mag. moment =     3.376426
atom    2   Tr[ns(na)] (up, down, total) =   1.57741  5.00189  6.57930
   spin  1
    eigenvalues: 
  0.159  0.159  0.212  0.212  0.835
    eigenvectors:
  0.116  0.009  0.338  0.537  0.000
  0.293  0.290  0.011  0.072  0.333
  0.038  0.545  0.081  0.002  0.333
  0.009  0.116  0.537  0.338  0.000
  0.544  0.040  0.032  0.051  0.333
    occupations:
  0.205 -0.007 -0.007  0.000 -0.014
 -0.007  0.389  0.223 -0.012 -0.223
 -0.007  0.223  0.389  0.012 -0.223
  0.000 -0.012  0.012  0.205 -0.000
 -0.014 -0.223 -0.223 -0.000  0.389
   spin  2
    eigenvalues: 
  0.999  0.999  1.001  1.002  1.002
    eigenvectors:
  0.135  0.865  0.000  0.000  0.000
  0.000  0.000  0.333  0.126  0.541
  0.000  0.000  0.333  0.211  0.456
  0.865  0.135  0.000  0.000  0.000
  0.000  0.000  0.333  0.663  0.004
    occupations:
  0.999 -0.000 -0.000  0.000 -0.000
 -0.000  1.002 -0.000 -0.000  0.000
 -0.000 -0.000  1.002  0.000  0.000
  0.000 -0.000  0.000  0.999 -0.000
 -0.000  0.000  0.000 -0.000  1.002
atomic mag. moment =    -3.424485
N of occupied +U levels =   13.207424
 --- exit write_ns ---
 --- in v_hubbard ---
Hubbard energy    0.3821
 -------

     total cpu time spent up to now is        8.4 secs

     total energy              =    -734.96700842 Ry
     Harris-Foulkes estimate   =    -735.01373265 Ry
     estimated scf accuracy    <       0.09631505 Ry

     total magnetization       =    -0.04 Bohr mag/cell
     absolute magnetization    =     7.45 Bohr mag/cell

     iteration #  5     ecut=    30.00 Ry     beta= 0.30
     Davidson diagonalization with overlap
     ethr =  2.19E-04,  avg # of iterations =  1.0
 --- enter write_ns ---
 LDA+U parameters:
U( 1)     =  5.20000000
alpha( 1) =  0.00000000
U( 2)     =  5.20000000
alpha( 2) =  0.00000000
atom    1   Tr[ns(na)] (up, down, total) =   5.00254  1.83953  6.84207
   spin  1
    eigenvalues: 
  0.999  0.999  1.002  1.002  1.002
    eigenvectors:
  0.115  0.882  0.000  0.003  0.000
  0.001  0.001  0.333  0.087  0.578
  0.002  0.000  0.333  0.261  0.403
  0.882  0.115  0.000  0.000  0.003
  0.000  0.002  0.333  0.649  0.016
    occupations:
  0.999 -0.000 -0.000  0.000 -0.000
 -0.000  1.002 -0.000 -0.000  0.000
 -0.000 -0.000  1.002  0.000  0.000
  0.000 -0.000  0.000  0.999 -0.000
 -0.000  0.000  0.000 -0.000  1.002
   spin  2
    eigenvalues: 
  0.204  0.204  0.413  0.413  0.605
    eigenvectors:
  0.024  0.915  0.046  0.015  0.000
  0.025  0.016  0.000  0.626  0.333
  0.036  0.005  0.471  0.155  0.333
  0.915  0.024  0.015  0.046  0.000
  0.001  0.040  0.468  0.158  0.333
    occupations:
  0.217 -0.020 -0.020  0.000 -0.041
 -0.020  0.469  0.068 -0.035 -0.068
 -0.020  0.068  0.469  0.035 -0.068
  0.000 -0.035  0.035  0.217 -0.000
 -0.041 -0.068 -0.068 -0.000  0.469
atomic mag. moment =     3.163009
atom    2   Tr[ns(na)] (up, down, total) =   1.39525  5.00123  6.39648
   spin  1
    eigenvalues: 
  0.187  0.187  0.288  0.288  0.444
    eigenvectors:
  0.646  0.239  0.084  0.031  0.000
  0.059  0.018  0.000  0.589  0.333
  0.000  0.077  0.456  0.134  0.333
  0.239  0.646  0.031  0.084  0.000
  0.056  0.021  0.429  0.161  0.333
    occupations:
  0.199 -0.013 -0.013  0.000 -0.026
 -0.013  0.332  0.056 -0.023 -0.056
 -0.013  0.056  0.332  0.023 -0.056
  0.000 -0.023  0.023  0.199 -0.000
 -0.026 -0.056 -0.056 -0.000  0.332
   spin  2
    eigenvalues: 
  0.998  0.998  1.002  1.002  1.002
    eigenvectors:
  0.008  0.988  0.000  0.004  0.000
  0.002  0.001  0.333  0.106  0.558
  0.002  0.000  0.333  0.234  0.430
  0.988  0.008  0.000  0.000  0.004
  0.000  0.003  0.333  0.656  0.008
    occupations:
  0.998 -0.000 -0.000  0.000 -0.000
 -0.000  1.002 -0.000 -0.000  0.000
 -0.000 -0.000  1.002  0.000  0.000
  0.000 -0.000  0.000  0.998 -0.000
 -0.000  0.000  0.000 -0.000  1.002
atomic mag. moment =    -3.605985
N of occupied +U levels =   13.238549
 --- exit write_ns ---
 --- in v_hubbard ---
Hubbard energy    0.3829
 -------

     total cpu time spent up to now is        9.6 secs

     total energy              =    -734.97102585 Ry
     Harris-Foulkes estimate   =    -734.98587208 Ry
     estimated scf accuracy    <       0.10331170 Ry

     total magnetization       =    -0.43 Bohr mag/cell
     absolute magnetization    =     7.42 Bohr mag/cell

     iteration #  6     ecut=    30.00 Ry     beta= 0.30
     Davidson diagonalization with overlap
     ethr =  2.19E-04,  avg # of iterations =  1.0
 --- enter write_ns ---
 LDA+U parameters:
U( 1)     =  5.20000000
alpha( 1) =  0.00000000
U( 2)     =  5.20000000
alpha( 2) =  0.00000000
atom    1   Tr[ns(na)] (up, down, total) =   5.00161  1.54942  6.55103
   spin  1
    eigenvalues: 
  0.998  0.998  1.002  1.002  1.002
    eigenvectors:
  0.027  0.967  0.000  0.006  0.000
  0.002  0.002  0.333  0.060  0.602
  0.004  0.000  0.333  0.302  0.361
  0.967  0.027  0.000  0.000  0.006
  0.000  0.004  0.333  0.632  0.031
    occupations:
  0.998 -0.000 -0.000  0.000 -0.000
 -0.000  1.002 -0.000 -0.000  0.000
 -0.000 -0.000  1.002  0.000  0.000
  0.000 -0.000  0.000  0.998 -0.000
 -0.000  0.000  0.000 -0.000  1.002
   spin  2
    eigenvalues: 
  0.193  0.193  0.318  0.423  0.423
    eigenvectors:
  0.015  0.928  0.000  0.043  0.015
  0.033  0.006  0.333  0.000  0.628
  0.024  0.014  0.333  0.477  0.151
  0.928  0.015  0.000  0.015  0.043
  0.001  0.038  0.333  0.465  0.163
    occupations:
  0.206 -0.022 -0.022  0.000 -0.044
 -0.022  0.379 -0.031 -0.038  0.031
 -0.022 -0.031  0.379  0.038  0.031
  0.000 -0.038  0.038  0.206 -0.000
 -0.044  0.031  0.031 -0.000  0.379
atomic mag. moment =     3.452194
atom    2   Tr[ns(na)] (up, down, total) =   1.69656  5.00222  6.69879
   spin  1
    eigenvalues: 
  0.200  0.200  0.399  0.449  0.449
    eigenvectors:
  0.027  0.919  0.000  0.031  0.023
  0.032  0.004  0.333  0.021  0.609
  0.021  0.015  0.333  0.561  0.070
  0.919  0.027  0.000  0.023  0.031
  0.001  0.035  0.333  0.364  0.267
    occupations:
  0.213 -0.023 -0.023  0.000 -0.046
 -0.023  0.423 -0.012 -0.040  0.012
 -0.023 -0.012  0.423  0.040  0.012
  0.000 -0.040  0.040  0.213 -0.000
 -0.046  0.012  0.012 -0.000  0.423
   spin  2
    eigenvalues: 
  0.999  0.999  1.002  1.002  1.002
    eigenvectors:
  0.006  0.988  0.000  0.005  0.000
  0.002  0.001  0.333  0.061  0.602
  0.003  0.001  0.333  0.300  0.363
  0.988  0.006  0.000  0.000  0.005
  0.000  0.004  0.333  0.633  0.030
    occupations:
  0.999 -0.000 -0.000  0.000 -0.000
 -0.000  1.002 -0.000 -0.000  0.000
 -0.000 -0.000  1.002  0.000  0.000
  0.000 -0.000  0.000  0.999 -0.000
 -0.000  0.000  0.000 -0.000  1.002
atomic mag. moment =    -3.305659
N of occupied +U levels =   13.249820
 --- exit write_ns ---
 --- in v_hubbard ---
Hubbard energy    0.3893
 -------

     total cpu time spent up to now is       10.9 secs

     total energy              =    -734.98859993 Ry
     Harris-Foulkes estimate   =    -734.98199224 Ry
     estimated scf accuracy    <       0.01603797 Ry

     total magnetization       =     0.14 Bohr mag/cell
     absolute magnetization    =     7.41 Bohr mag/cell

     iteration #  7     ecut=    30.00 Ry     beta= 0.30
     Davidson diagonalization with overlap
     ethr =  3.64E-05,  avg # of iterations =  1.9
 --- enter write_ns ---
 LDA+U parameters:
U( 1)     =  5.20000000
alpha( 1) =  0.00000000
U( 2)     =  5.20000000
alpha( 2) =  0.00000000
atom    1   Tr[ns(na)] (up, down, total) =   5.00153  1.63485  6.63638
   spin  1
    eigenvalues: 
  0.998  0.998  1.002  1.002  1.002
    eigenvectors:
  0.001  0.993  0.000  0.005  0.000
  0.003  0.001  0.333  0.094  0.569
  0.003  0.001  0.333  0.250  0.414
  0.993  0.001  0.000  0.000  0.005
  0.000  0.004  0.333  0.651  0.012
    occupations:
  0.998 -0.000 -0.000  0.000 -0.000
 -0.000  1.002 -0.000 -0.000  0.000
 -0.000 -0.000  1.002  0.000  0.000
  0.000 -0.000  0.000  0.998 -0.000
 -0.000  0.000  0.000 -0.000  1.002
   spin  2
    eigenvalues: 
  0.199  0.199  0.360  0.439  0.439
    eigenvectors:
  0.933  0.000  0.000  0.042  0.025
  0.012  0.033  0.333  0.011  0.611
  0.011  0.034  0.333  0.532  0.090
  0.000  0.933  0.000  0.025  0.042
  0.044  0.000  0.333  0.390  0.232
    occupations:
  0.215 -0.024 -0.024  0.000 -0.049
 -0.024  0.402 -0.021 -0.042  0.021
 -0.024 -0.021  0.402  0.042  0.021
  0.000 -0.042  0.042  0.215 -0.000
 -0.049  0.021  0.021 -0.000  0.402
atomic mag. moment =     3.366684
atom    2   Tr[ns(na)] (up, down, total) =   1.65063  5.00160  6.65224
   spin  1
    eigenvalues: 
  0.200  0.200  0.414  0.414  0.422
    eigenvectors:
  0.115  0.813  0.048  0.025  0.000
  0.047  0.001  0.006  0.612  0.333
  0.020  0.029  0.514  0.104  0.333
  0.813  0.115  0.025  0.048  0.000
  0.006  0.043  0.407  0.211  0.333
    occupations:
  0.216 -0.023 -0.023  0.000 -0.045
 -0.023  0.406  0.008 -0.039 -0.008
 -0.023  0.008  0.406  0.039 -0.008
  0.000 -0.039  0.039  0.216 -0.000
 -0.045 -0.008 -0.008 -0.000  0.406
   spin  2
    eigenvalues: 
  0.998  0.998  1.002  1.002  1.002
    eigenvectors:
  0.072  0.922  0.000  0.006  0.000
  0.002  0.002  0.333  0.059  0.604
  0.004  0.000  0.333  0.305  0.358
  0.922  0.072  0.000  0.000  0.006
  0.000  0.004  0.333  0.631  0.032
    occupations:
  0.998 -0.000 -0.000  0.000 -0.000
 -0.000  1.002 -0.000 -0.000  0.000
 -0.000 -0.000  1.002  0.000  0.000
  0.000 -0.000  0.000  0.998 -0.000
 -0.000  0.000  0.000 -0.000  1.002
atomic mag. moment =    -3.350971
N of occupied +U levels =   13.288617
 --- exit write_ns ---
 --- in v_hubbard ---
Hubbard energy    0.3954
 -------

     total cpu time spent up to now is       12.1 secs

     total energy              =    -734.99240356 Ry
     Harris-Foulkes estimate   =    -734.98951390 Ry
     estimated scf accuracy    <       0.00301909 Ry

     total magnetization       =     0.01 Bohr mag/cell
     absolute magnetization    =     7.38 Bohr mag/cell

     iteration #  8     ecut=    30.00 Ry     beta= 0.30
     Davidson diagonalization with overlap
     ethr =  6.86E-06,  avg # of iterations =  1.9
 --- enter write_ns ---
 LDA+U parameters:
U( 1)     =  5.20000000
alpha( 1) =  0.00000000
U( 2)     =  5.20000000
alpha( 2) =  0.00000000
atom    1   Tr[ns(na)] (up, down, total) =   5.00153  1.63292  6.63444
   spin  1
    eigenvalues: 
  0.998  0.998  1.002  1.002  1.002
    eigenvectors:
  0.064  0.933  0.000  0.003  0.000
  0.001  0.001  0.333  0.116  0.549
  0.002  0.000  0.333  0.222  0.442
  0.933  0.064  0.000  0.000  0.003
  0.000  0.002  0.333  0.659  0.006
    occupations:
  0.998 -0.000 -0.000  0.000 -0.000
 -0.000  1.002 -0.000 -0.000  0.000
 -0.000 -0.000  1.002  0.000  0.000
  0.000 -0.000  0.000  0.998 -0.000
 -0.000  0.000  0.000 -0.000  1.002
   spin  2
    eigenvalues: 
  0.198  0.198  0.386  0.426  0.426
    eigenvectors:
  0.268  0.651  0.000  0.059  0.022
  0.054  0.000  0.333  0.000  0.612
  0.011  0.043  0.333  0.470  0.142
  0.651  0.268  0.000  0.022  0.059
  0.016  0.038  0.333  0.448  0.164
    occupations:
  0.216 -0.025 -0.025  0.000 -0.051
 -0.025  0.400 -0.007 -0.044  0.007
 -0.025 -0.007  0.400  0.044  0.007
  0.000 -0.044  0.044  0.216 -0.000
 -0.051  0.007  0.007 -0.000  0.400
atomic mag. moment =     3.368609
atom    2   Tr[ns(na)] (up, down, total) =   1.65005  5.00140  6.65145
   spin  1
    eigenvalues: 
  0.197  0.197  0.345  0.345  0.565
    eigenvectors:
  0.300  0.584  0.066  0.050  0.000
  0.076  0.001  0.022  0.567  0.333
  0.013  0.064  0.528  0.062  0.333
  0.584  0.300  0.050  0.066  0.000
  0.026  0.051  0.334  0.255  0.333
    occupations:
  0.214 -0.019 -0.019  0.000 -0.039
 -0.019  0.407  0.079 -0.034 -0.079
 -0.019  0.079  0.407  0.034 -0.079
  0.000 -0.034  0.034  0.214 -0.000
 -0.039 -0.079 -0.079 -0.000  0.407
   spin  2
    eigenvalues: 
  0.998  0.998  1.002  1.002  1.002
    eigenvectors:
  0.285  0.709  0.000  0.005  0.000
  0.001  0.003  0.333  0.090  0.573
  0.003  0.000  0.333  0.255  0.408
  0.709  0.285  0.000  0.000  0.005
  0.001  0.002  0.333  0.649  0.014
    occupations:
  0.998 -0.000 -0.000  0.000 -0.000
 -0.000  1.002 -0.000 -0.000  0.000
 -0.000 -0.000  1.002  0.000  0.000
  0.000 -0.000  0.000  0.998 -0.000
 -0.000  0.000  0.000 -0.000  1.002
atomic mag. moment =    -3.351356
N of occupied +U levels =   13.285887
 --- exit write_ns ---
 --- in v_hubbard ---
Hubbard energy    0.3965
 -------

     total cpu time spent up to now is       13.4 secs

     total energy              =    -734.99351627 Ry
     Harris-Foulkes estimate   =    -734.99381575 Ry
     estimated scf accuracy    <       0.00590862 Ry

     total magnetization       =     0.02 Bohr mag/cell
